SampleNumber	0	1	2	3	4	5	6	7	8	9	10	11	12	13	14	15	16	17	18	19	20	21	22	23	24	25	26	27	28	29	30	31	32	
SampleName	None	CHAL	NAC062	SANFHL1	ARSARC	ARS056	SALDAVIS	SALQUAIL	SALHART	SANSANJ	SALHARO	SALCHU	SALBRAD	SALGRN	SALSANLO	SALSANMG	SALELM	PINCRK	NAC043	NAC309NAC	FHL2	FHL064	CAMPROB2	SEDFB	SEDEB	H2ONAC	H2OSANFH	H2OARSAR	H2OCHAL	H2OARS56	H2OFB	H2OEB	NTC	
s_1_1102	26.24563	2.247088	2.212948	2.254015	2.784925	3.099611	2.009094	1.548198	2.052141	2.105331	2.42447	1.847545	1.992519	2.582308	2.129081	2.058573	2.806201	3.641159	2.000435	1.403224	2.141698	1.537312	1.228811	1.634291	2.604326	2.694131	2.117701	2.386124	2.552621	2.231502	2.750289	3.016486	3.660208	
s_1_1101	25.73055	2.224923	2.214142	2.29083	2.85827	3.040311	2.059787	1.529833	2.069342	2.13574	2.434405	1.892201	1.99339	2.600766	2.179841	2.13476	2.909477	3.660428	1.950758	1.400469	2.129124	1.593291	1.227738	1.664343	2.617426	2.611056	2.124959	2.457926	2.519668	2.208752	2.757326	3.042516	3.735646	
s_1_2115	26.51333	2.316625	2.224027	2.313064	2.581837	3.201297	2.047377	1.5737	2.100799	2.166568	2.366011	1.901594	1.990156	2.614603	2.107922	2.10626	2.963865	3.719849	1.996329	1.394676	1.992056	1.559454	1.261714	1.564915	2.628849	2.726433	2.106973	2.451249	2.574951	2.216904	2.703877	2.690818	3.321913	
s_1_2114	26.73802	2.305586	2.205114	2.331546	2.537539	3.093745	2.048876	1.582567	2.082287	2.179635	2.355582	1.879659	2.008254	2.574796	2.090699	2.05777	2.973562	3.695861	1.968834	1.372487	2.027003	1.572712	1.314078	1.578721	2.63657	2.713246	2.101997	2.450286	2.546673	2.178673	2.674788	2.751224	3.371608	
s_1_2113	26.76185	2.275147	2.178447	2.295171	2.562318	3.144475	1.997744	1.55551	2.078083	2.151341	2.380638	1.87931	1.960871	2.573307	2.121794	2.041454	2.910293	3.741527	1.966243	1.391168	2.00043	1.580173	1.27249	1.57065	2.638262	2.766464	2.101037	2.449257	2.534724	2.218738	2.676356	2.798209	3.426517	
s_1_2112	26.98223	2.219271	2.273627	2.300929	2.608867	3.200393	2.034311	1.562319	2.057923	2.14081	2.378405	1.867552	1.983644	2.544918	2.107852	2.047347	2.898604	3.666236	1.978479	1.346615	2.034803	1.545348	1.256595	1.570928	2.615508	2.678473	2.085716	2.46449	2.466949	2.190494	2.648958	2.842772	3.398635	
s_1_2111	27.32639	2.238702	2.157063	2.225014	2.637117	3.099083	2.035339	1.551375	2.068337	2.097912	2.404912	1.844687	2.010896	2.54839	2.101579	2.061004	2.892054	3.653687	1.953945	1.356078	2.068092	1.571662	1.235331	1.58315	2.591409	2.686736	2.085202	2.381691	2.541058	2.190061	2.641272	2.782306	3.378463	
s_1_2110	27.13988	2.245032	2.220494	2.268098	2.626361	3.140689	2.005536	1.55329	2.066637	2.089948	2.363308	1.855115	2.013634	2.553972	2.115469	2.006517	2.882544	3.64692	1.942472	1.371705	2.063938	1.536113	1.216867	1.602613	2.57434	2.721325	2.086268	2.427844	2.493853	2.200127	2.666114	2.853834	3.449139	
s_1_2109	27.36304	2.200376	2.190055	2.21561	2.684679	3.029663	2.038204	1.571346	2.043118	2.135752	2.340433	1.832786	1.936478	2.593519	2.075307	2.032307	2.868965	3.640018	1.974809	1.32686	2.078747	1.53498	1.232014	1.5883	2.607279	2.721536	2.083661	2.404319	2.529142	2.190301	2.630131	2.90656	3.399709	
s_1_2108	27.26336	2.200046	2.191415	2.2178	2.685328	3.053975	1.996858	1.542153	2.049381	2.137413	2.365505	1.81611	1.969981	2.605188	2.090808	2.053573	2.922298	3.563916	1.961843	1.34365	2.087602	1.537468	1.225536	1.613416	2.586694	2.70259	2.044203	2.411864	2.498416	2.20917	2.70037	2.915394	3.436678	
s_1_2107	27.25486	2.213814	2.162318	2.213565	2.690957	3.07904	2.044649	1.530191	2.062312	2.128734	2.332229	1.852349	2.000617	2.598911	2.075497	2.069775	2.891217	3.637033	1.964545	1.308785	2.078482	1.550341	1.23067	1.622485	2.495174	2.7126	2.118286	2.42104	2.454873	2.170776	2.680011	2.915099	3.438762	
s_1_2106	27.18629	2.226949	2.179648	2.211267	2.658478	2.958474	2.022062	1.534379	2.066581	2.136647	2.361771	1.839181	2.012197	2.591953	2.133359	2.06304	2.898525	3.65585	1.981085	1.341886	2.063293	1.566504	1.219713	1.623417	2.544399	2.717162	2.037998	2.377453	2.509492	2.198113	2.642542	2.956703	3.483593	
s_1_2104	27.19852	2.198394	2.210224	2.272395	2.742833	3.029525	2.011629	1.531627	2.039316	2.139998	2.354955	1.805482	1.977397	2.614966	2.118603	2.036799	2.809535	3.667598	1.967077	1.318432	2.060963	1.481034	1.254248	1.609404	2.5757	2.659518	2.06499	2.431473	2.515795	2.224068	2.649198	2.945456	3.482846	
s_1_2105	27.07612	2.2293	2.191711	2.201985	2.712449	3.070049	2.013036	1.532393	2.087964	2.130064	2.35109	1.820578	1.984218	2.593917	2.107009	2.055387	2.896637	3.611837	2.03559	1.331666	2.063907	1.520365	1.222156	1.634887	2.547306	2.732497	2.123549	2.417748	2.46887	2.216269	2.591912	2.915431	3.5121	
s_1_2102	26.38692	2.208128	2.200064	2.290274	2.725449	3.119047	2.003518	1.552468	2.125982	2.149416	2.410974	1.913308	2.000998	2.575771	2.118926	2.116406	2.878655	3.629817	1.97328	1.395482	2.088184	1.559271	1.249836	1.616724	2.573503	2.720662	2.114642	2.425337	2.497153	2.21594	2.666737	2.945431	3.551702	
s_1_2103	26.634	2.250258	2.174617	2.249499	2.725861	3.10103	2.032695	1.538878	2.043067	2.128069	2.398757	1.806531	1.995507	2.645666	2.113649	2.07469	2.824017	3.642661	1.969956	1.415677	2.120732	1.548238	1.219617	1.648165	2.53992	2.708405	2.141983	2.411153	2.513357	2.254812	2.650473	2.984406	3.493655	
s_1_2117	26.60656	2.327176	2.243681	2.32006	2.529508	3.200311	2.051311	1.626485	2.143345	2.151173	2.423479	1.906619	1.979202	2.554414	2.133383	2.077641	2.948404	3.68847	2.004108	1.423441	1.942436	1.564338	1.282544	1.589482	2.639094	2.751053	2.127215	2.463803	2.515038	2.20905	2.69792	2.53947	3.339785	
s_1_2116	26.73835	2.290697	2.262332	2.285497	2.567963	3.12486	2.069924	1.589613	2.156673	2.170619	2.39281	1.926918	1.987193	2.561109	2.17511	2.077252	2.973817	3.675374	1.996412	1.43337	1.96332	1.552029	1.281618	1.575667	2.603892	2.681659	2.097343	2.48216	2.47365	2.184093	2.705769	2.640294	3.302613	
s_1_2101	25.82273	2.236146	2.236146	2.324691	2.787679	3.061069	2.027039	1.568804	2.081317	2.136595	2.365212	1.876462	2.006028	2.649108	2.149101	2.131843	2.940507	3.636614	2.004777	1.408722	2.110332	1.614327	1.262147	1.582811	2.615841	2.733651	2.137595	2.465513	2.49778	2.28342	2.710389	2.991033	3.544567	
s_1_1119	26.66071	2.366943	2.277818	2.306748	2.586255	3.190531	1.995978	1.613814	2.136898	2.18216	2.412438	1.871156	1.93695	2.443935	2.133631	2.07227	2.995483	3.694484	2.00531	1.452129	1.818661	1.525622	1.26828	1.58255	2.704077	2.758439	2.15113	2.523028	2.553125	2.126165	2.741641	2.413138	3.498502	
s_1_1116	26.49735	2.324418	2.243353	2.320088	2.64579	3.129292	2.017478	1.590265	2.13222	2.17167	2.384795	1.880366	1.972496	2.488231	2.17191	2.09734	2.923864	3.741969	1.98308	1.404561	1.89528	1.537584	1.269133	1.617928	2.614519	2.731185	2.121395	2.486066	2.511324	2.175037	2.760051	2.570258	3.589702	
s_1_1115	26.72328	2.289732	2.271371	2.274753	2.597268	3.104835	1.994033	1.606291	2.092599	2.132219	2.351094	1.863819	1.964318	2.554991	2.105886	2.080037	2.945632	3.692609	2.005871	1.384034	1.936294	1.537681	1.265899	1.604117	2.602099	2.769034	2.090425	2.494353	2.53663	2.144056	2.741252	2.672159	3.571334	
s_1_1114	26.64615	2.277224	2.195024	2.271728	2.62729	3.141995	2.006968	1.544354	2.066228	2.161332	2.415817	1.903979	1.984984	2.544135	2.140304	2.072202	2.854774	3.737945	2.012225	1.397876	1.957982	1.550567	1.256416	1.571595	2.597182	2.700649	2.10231	2.449031	2.50423	2.199325	2.763016	2.738882	3.606282	
s_1_1113	26.9435	2.23322	2.22891	2.293079	2.697248	3.125359	2.047657	1.535743	2.039277	2.151573	2.385023	1.848207	2.005996	2.551191	2.128108	2.051728	2.919205	3.605428	1.938714	1.340124	1.990911	1.531673	1.233335	1.596799	2.576811	2.700121	2.099854	2.418544	2.544487	2.14846	2.732924	2.748726	3.608062	
s_1_1112	27.06356	2.236433	2.198259	2.266582	2.680412	3.097646	2.031706	1.559035	2.039243	2.115834	2.360436	1.832328	1.97092	2.5727	2.122642	2.033408	2.858636	3.618459	1.959006	1.357956	2.011282	1.512109	1.283067	1.632221	2.575374	2.711292	2.095409	2.426814	2.503161	2.12483	2.716641	2.852801	3.5798	
s_1_1111	26.90459	2.24657	2.195734	2.239483	2.678678	3.069726	2.063756	1.536574	1.991167	2.130478	2.367551	1.843302	1.966238	2.576028	2.151497	2.045914	2.868092	3.624281	1.984813	1.362802	2.036627	1.53193	1.246221	1.603052	2.578961	2.738802	2.082575	2.44405	2.557698	2.163473	2.716561	2.884223	3.568557	
s_1_1110	27.1976	2.220511	2.194111	2.234933	2.75535	3.079236	1.999047	1.489874	2.031802	2.122001	2.360087	1.813026	2.002224	2.622863	2.100979	2.067735	2.82135	3.64463	1.95138	1.34492	2.037668	1.53094	1.239076	1.632139	2.554419	2.723573	2.039135	2.364487	2.477664	2.180912	2.702551	2.90446	3.55932	
s_1_1109	27.31195	2.247718	2.158355	2.205271	2.747156	3.101628	2.019595	1.523384	2.070979	2.07917	2.324918	1.830941	1.973425	2.57414	2.113426	2.019347	2.863079	3.658655	1.959027	1.354588	2.05112	1.515938	1.233204	1.590655	2.555771	2.651836	2.068993	2.355698	2.529707	2.139242	2.709177	2.932335	3.529575	
s_1_1108	27.32196	2.252736	2.170614	2.227317	2.738625	3.07249	2.020545	1.499217	2.059651	2.09118	2.371031	1.820373	1.9482	2.60371	2.087025	2.026655	2.78213	3.621192	1.984617	1.32373	2.014435	1.501905	1.192481	1.635842	2.535275	2.68021	2.092402	2.363698	2.503012	2.199698	2.675811	2.949795	3.632435	
s_1_1107	27.34108	2.153293	2.18766	2.217362	2.738748	3.040434	2.023192	1.504016	2.048967	2.075969	2.323406	1.803248	1.997663	2.573789	2.128991	2.078669	2.870567	3.619261	1.925739	1.334639	2.044058	1.508434	1.211412	1.663819	2.537459	2.68818	2.082106	2.360718	2.491801	2.162376	2.703645	2.970474	3.588822	
s_1_1105	27.15629	2.218143	2.137158	2.257393	2.770629	3.049604	2.043006	1.524057	2.050459	2.13368	2.335645	1.859921	1.997049	2.56444	2.069836	2.03307	2.78305	3.628423	1.962767	1.335258	2.066606	1.481577	1.22794	1.612743	2.552764	2.694612	2.060644	2.38682	2.50159	2.203486	2.722684	2.972594	3.606066	
s_1_1106	27.2188	2.216816	2.170099	2.236447	2.7476	3.026161	2.060762	1.531469	2.014542	2.093314	2.371628	1.825686	1.987208	2.56272	2.101515	2.046101	2.811463	3.631742	1.951176	1.312297	2.048586	1.533706	1.225821	1.636085	2.560235	2.663857	2.087599	2.382313	2.53638	2.16836	2.676033	2.990627	3.572849	
s_1_1103	26.7343	2.247199	2.182085	2.225494	2.822626	3.021177	2.062214	1.513672	2.020284	2.100198	2.383348	1.836039	1.985507	2.605084	2.111544	2.042236	2.837425	3.664925	1.968242	1.372343	2.109077	1.523784	1.221395	1.625156	2.595958	2.69067	2.063447	2.406286	2.505439	2.220315	2.69733	2.997992	3.60721	
s_1_1104	26.88082	2.225144	2.145246	2.221638	2.79746	3.022129	2.017257	1.536111	2.033036	2.111182	2.31957	1.859213	2.018008	2.589323	2.145997	2.047814	2.831273	3.619742	1.947627	1.371304	2.078872	1.529599	1.222026	1.661094	2.590575	2.664463	2.075616	2.403977	2.52896	2.193335	2.732089	2.994828	3.584677	
s_1_1118	26.56794	2.304643	2.268195	2.339444	2.60351	3.19231	2.011419	1.562059	2.135339	2.193185	2.387883	1.905839	1.922534	2.471359	2.166378	2.10289	3.006311	3.672238	2.001543	1.415329	1.803316	1.522555	1.291174	1.618023	2.683929	2.788333	2.110414	2.45631	2.532732	2.165908	2.749769	2.455605	3.591584	
s_1_1117	26.46427	2.280965	2.301414	2.337613	2.610981	3.129275	2.039329	1.603304	2.144398	2.158972	2.409304	1.858573	1.964582	2.466423	2.125829	2.098328	3.015744	3.685883	1.981036	1.405623	1.872911	1.524326	1.290917	1.617642	2.682437	2.724982	2.139697	2.527537	2.544931	2.140638	2.765882	2.528947	3.557308	
s_1_2119	26.81746	2.309406	2.338191	2.312237	2.478576	3.253648	2.032173	1.576804	2.15038	2.197333	2.428321	1.932605	1.986636	2.496272	2.113101	2.114045	2.999537	3.738038	2.064261	1.435946	1.901697	1.528672	1.316795	1.538109	2.639961	2.733158	2.11145	2.546056	2.540157	2.20158	2.639489	2.372166	3.155731	
s_1_2118	26.61361	2.315232	2.305794	2.309805	2.48701	3.279598	2.026654	1.617265	2.142746	2.196545	2.434155	1.954686	1.970496	2.519573	2.11797	2.127645	3.011784	3.768033	2.029957	1.463183	1.861954	1.549544	1.319012	1.584938	2.651946	2.695834	2.103577	2.549776	2.518629	2.140622	2.643923	2.476628	3.211877	

### Most Popular Index Sequences
### Columns: Sequence ReverseComplement HitCount
Index
GAGAATGGTT	AACCATTCTC	575939
ACAGTGTATG	CATACACTGT	548546
GACGAGATTA	TAATCTCGTC	490924
CGGTTACGGC	GCCGTAACCG	459286
GTGACACGCA	TGCGTGTCAC	440472
AACCATAGAA	TTCTATGGTT	433083
ATTCCATAAG	CTTATGGAAT	426583
CCACCAGGCA	TGCCTGGTGG	423803
TTCTACATAC	GTATGTAGAA	421800
CTTGCCATTA	TAATGGCAAG	410491
ACCACGACAT	ATGTCGTGGT	399620
TAAGCATCCA	TGGATGCTTA	384933
AGTCAGACGA	TCGTCTGACT	379185
CGTCTCATAT	ATATGAGACG	360346
GAACTGAGCG	CGCTCAGTTC	355741
AGGTCAGATA	TATCTGACCT	349075
GCCGCACTCT	AGAGTGCGGC	347389
GACTGAGTAG	CTACTCAGTC	335117
GAAGCGGCAC	GTGCCGCTTC	333109
GGTTGCGAGG	CCTCGCAACC	330485
GATCAAGGCA	TGCCTTGATC	327644
TCCATTGCCG	CGGCAATGGA	326274
AACATCGCGC	GCGCGATGTT	320309
GATAGGCCGA	TCGGCCTATC	315866
GAGTCATAGG	CCTATGACTC	313895
AGAGGCAACC	GGTTGCCTCT	307733
CCGTATGTTC	GAACATACGG	295598
CTAGTGCTCT	AGAGCACTAG	247491
ACGCCTTGTT	AACAAGGCGT	242711
ATGGTTGACT	AGTCAACCAT	242155
CCATCATTAG	CTAATGATGG	216933
TATTGCGCTC	GAGCGCAATA	194590
AACTTTCAAC	GTTGAAAGTT	23432
TTTTTTTTTT	AAAAAAAAAA	20501
ACGCCTCGAT	ATCGAGGCGT	16233
AAGCCTCGAT	ATCGAGGCTT	13745
CCCCCCCCCC	GGGGGGGGGG	12371
CTTTTTTTTT	AAAAAAAAAG	7425
ACGCCTTGAT	ATCAAGGCGT	6146
CTTTCCCTTC	GAAGGGAAAG	6101
CTTTCCATTA	TAATGGAAAG	6076
CTTTTCCTTC	GAAGGAAAAG	5617
AAGCCTCGAC	GTCGAGGCTT	5263
TTCTCCCTCC	GGAGGGAGAA	5098
TCCATTTCCT	AGGAAATGGA	4987
CTTCTCCTCT	AGAGGAGAAG	4961
CTTCTCATAT	ATATGAGAAG	4892
CCTTCTTTTC	GAAAAGAAGG	4802
TCCCTTTCCT	AGGAAAGGGA	4700
CCTCCTTTTT	AAAAAGGAGG	4615
TCCTCCCTCT	AGAGGGAGGA	4400
ACGCCTCGAC	GTCGAGGCGT	4087
TTCTCCATAC	GTATGGAGAA	4043
TTCTACCTAC	GTAGGTAGAA	3902
CTCTTTCTCT	AGAGAAAGAG	3884
AAGCCTTGAT	ATCAAGGCTT	3801
CCTTATTTTC	GAAAATAAGG	3768
TATTTCGCTC	GAGCGAAATA	3696
ATTCCATAAT	ATTATGGAAT	3649
TCCATTTCCG	CGGAAATGGA	3536
ACCACTACAT	ATGTAGTGGT	3485
CTTTCCCTTA	TAAGGGAAAG	3262
TAATCATCCA	TGGATGATTA	3253
TCCTCACTCT	AGAGTGAGGA	3234
TTTTTCTTTT	AAAAGAAAAA	3226
TCTTTCTCTC	GAGAGAAAGA	3134
GAGACACGAA	TTCGTGTCTC	3123
TTCTCCCTAC	GTAGGGAGAA	3085
TTCTACATCC	GGATGTAGAA	3076
AAAAAAAAAA	TTTTTTTTTT	3052
TCTCCTTTTT	AAAAAGGAGA	3046
ACGCCTCGTT	AACGAGGCGT	3034
CCCTTTTCTT	AAGAAAAGGG	3004
CTTCTCCTAT	ATAGGAGAAG	2946
GCCTCACTCT	AGAGTGAGGC	2891
CTTTCCATTC	GAATGGAAAG	2872
TATTTCTCTC	GAGAGAAATA	2871
CTATTTCTCT	AGAGAAATAG	2865
CCATCATTAT	ATAATGATGG	2851
TCTTTTTTTT	AAAAAAAAGA	2808
TCCTCCTCCC	GGGAGGAGGA	2789
ACAGTGTATT	AATACACTGT	2782
CCCCCCTTCC	GGAAGGGGGG	2711
TTCTACCTCC	GGAGGTAGAA	2688
TTTTTCTCTT	AAGAGAAAAA	2683
CCCCCTCCCT	AGGGAGGGGG	2682
TTTTCTTTTT	AAAAAGAAAA	2672
AACCATATAA	TTATATGGTT	2534
CCCCTCTCTC	GAGAGAGGGG	2524
ACTCCTTTTT	AAAAAGGAGT	2516
CTTGCCCTTA	TAAGGGCAAG	2502
CCACCATGCA	TGCATGGTGG	2488
CTTTTACTTC	GAAGTAAAAG	2483
CCCCCTCTCC	GGAGAGGGGG	2450
GAGACACGAC	GTCGTGTCTC	2443
TCCATTGCCT	AGGCAATGGA	2332
GATATGCCGA	TCGGCATATC	2311
AGAGTCAACC	GGTTGACTCT	2289
AACATCTCGC	GCGAGATGTT	2253
CCGTATTTTC	GAAAATACGG	2252
Index2
TCTTTCCCTA	TAGGGAAAGA	3242990
TCGGCAGCAA	TTGCTGCCGA	581622
GAACATACGG	CCGTATGTTC	566227
CTTATGGAAT	ATTCCATAAG	509892
ACATTATCCT	AGGATAATGT	489802
GCTTACGGAC	GTCCGTAAGC	475897
AAGACTATAG	CTATAGTCTT	457168
GGCGAGATGG	CCATCTCGCC	423472
TGCCTGGTGG	CCACCAGGCA	419169
CTAACTGTAA	TTACAGTTAG	418565
TCGTATGCGG	CCGCATACGA	405181
TCAATCCATT	AATGGATTGA	404068
ATCACGAAGG	CCTTCGTGAT	402478
ACCAGCGACA	TGTCGCTGGT	376052
TAAGGAACGT	ACGTTCCTTA	364571
TATAGTAGCT	AGCTACTATA	364439
TCGTGGAGCG	CGCTCCACGA	357692
CTACAAGATA	TATCTTGTAG	350253
TCCGACCTCG	CGAGGTCGGA	349397
AATAGAGCAA	TTGCTCTATT	342941
CGGCTCTACT	AGTAGAGCCG	340619
GTTGATAGTG	CACTATCAAC	336018
CCTTGTTAAT	ATTAACAAGG	328416
GAATGCACGA	TCGTGCATTC	326761
GTCCACTTGT	ACAAGTGGAC	320610
CTAATGATGG	CCATCATTAG	319597
CGCACATGGC	GCCATGTGCG	319105
GTGTGGCGCT	AGCGCCACAC	307308
CATACACTGT	ACAGTGTATG	295605
GGCCTGTCCT	AGGACAGGCC	252260
TGGAACAGTA	TACTGTTCCA	246653
GGTTGCCTCT	AGAGGCAACC	219916
CTGTGTTAGG	CCTAACACAG	203553
GTGTGGTGCT	AGCACCACAC	5522
CCCCCCCCCC	GGGGGGGGGG	5150
TCTTTCCCTT	AAGGGAAAGA	4693
TCTTTCCTAC	GTAGGAAAGA	3923
TCTTTCCCTC	GAGGGAAAGA	3116
TCTTCCCTAC	GTAGGGAAGA	2948
TGCCTGTGGT	ACCACAGGCA	2251
TGCCTGGTGT	ACACCAGGCA	2234
CTTTCCCTAC	GTAGGGAAAG	2231
TCGTATGCGT	ACGCATACGA	1831
TCTTTCCCAC	GTGGGAAAGA	1746
CAGCGACATC	GATGTCGCTG	1729
ATAGAGCAAT	ATTGCTCTAT	1661
AGACTATAGT	ACTATAGTCT	1391
GTGTGCGCTT	AAGCGCACAC	1332
CCTTTCCCTA	TAGGGAAAGG	1300
TCGGCAGCAT	ATGCTGCCGA	1266
TGCCTGGCGG	CCGCCAGGCA	1262
GAACATATGG	CCATATGTTC	1250
GACATACGGT	ACCGTATGTC	1219
ATTATCCTTC	GAAGGATAAT	1218
GCTGATAGTG	CACTATCAGC	1173
GCGAGATGGT	ACCATCTCGC	1162
CTACACGATA	TATCGTGTAG	1053
CGCACATGGT	ACCATGTGCG	1050
GAATATACGG	CCGTATATTC	1040
GTTGATAGTT	AACTATCAAC	1024
TCGTGAGCGT	ACGCTCACGA	1022
GCTTACGGAT	ATCCGTAAGC	1006
TCTTTCCTTA	TAAGGAAAGA	997
ACAGCGACAT	ATGTCGCTGT	992
ATACACTGTT	AACAGTGTAT	990
GCGTGGCGCT	AGCGCCACGC	971
TTTTCCCTAC	GTAGGGAAAA	957
ACATTATCTT	AAGATAATGT	935
TCTTTTCCTA	TAGGAAAAGA	933
TCGTCAGCAA	TTGCTGACGA	927
GGCGAGATGT	ACATCTCGCC	923
ATCACGCAGG	CCTGCGTGAT	912
TCTCTCCCTA	TAGGGAGAGA	903
TCCTTCCCTA	TAGGGAAGGA	897
TTTTTCCCTA	TAGGGAAAAA	872
TCTTCCCCTA	TAGGGGAAGA	871
CTCTTTCCCT	AGGGAAAGAG	849
TCTTTCCCCT	AGGGGAAAGA	838
AAGACTATAT	ATATAGTCTT	836
TCGTGGTGCG	CGCACCACGA	823
TCGTGGCGCG	CGCGCCACGA	809
ACATTATTCT	AGAATAATGT	803
TCTTTCTCTA	TAGAGAAAGA	794
TGTCTGGTGG	CCACCAGACA	793
TCTTTCCCCA	TGGGGAAAGA	787
AATAGAGCAT	ATGCTCTATT	780
CTACAAGATT	AATCTTGTAG	775
TTAACTGTAA	TTACAGTTAA	765
TGCCTGGGGT	ACCCCAGGCA	758
GAACATACGT	ACGTATGTTC	757
TATACACTGT	ACAGTGTATA	750
CTAACTGTAT	ATACAGTTAG	740
TCCGACCTCT	AGAGGTCGGA	734
GGCGCGATGG	CCATCGCGCC	728
ACTAGCGACA	TGTCGCTAGT	725
ACATTCTCCT	AGGAGAATGT	720
TCGGCAGAAT	ATTCTGCCGA	719
ACGACTATAG	CTATAGTCGT	706
TTTATGGAAT	ATTCCATAAA	706
GTCGATAGTG	CACTATCGAC	699
