SampleNumber	Tile	NumberOfReadsRaw	NumberOfReadsPF
0	1101	115143	105019
1	1101	9418	9081
2	1101	9346	9037
3	1101	9731	9350
4	1101	12258	11666
5	1101	12881	12409
6	1101	8723	8407
7	1101	6492	6244
8	1101	8800	8446
9	1101	9028	8717
10	1101	10295	9936
11	1101	8022	7723
12	1101	8471	8136
13	1101	11040	10615
14	1101	9250	8897
15	1101	9070	8713
16	1101	12400	11875
17	1101	15506	14940
18	1101	8268	7962
19	1101	5956	5716
20	1101	9032	8690
21	1101	6757	6503
22	1101	5199	5011
23	1101	7101	6793
24	1101	11203	10683
25	1101	11120	10657
26	1101	9062	8673
27	1101	10439	10032
28	1101	10769	10284
29	1101	9402	9015
30	1101	11738	11254
31	1101	13175	12418
32	1101	16071	15247
0	1102	117360	106088
1	1102	9517	9083
2	1102	9272	8945
3	1102	9482	9111
4	1102	11947	11257
5	1102	13046	12529
6	1102	8473	8121
7	1102	6518	6258
8	1102	8621	8295
9	1102	8841	8510
10	1102	10181	9800
11	1102	7822	7468
12	1102	8374	8054
13	1102	10946	10438
14	1102	9014	8606
15	1102	8676	8321
16	1102	11941	11343
17	1102	15382	14718
18	1102	8407	8086
19	1102	5944	5672
20	1102	9065	8657
21	1102	6478	6214
22	1102	5149	4967
23	1102	6950	6606
24	1102	11058	10527
25	1102	11373	10890
26	1102	8978	8560
27	1102	10113	9645
28	1102	10820	10318
29	1102	9433	9020
30	1102	11696	11117
31	1102	13006	12193
32	1102	15683	14795
0	1103	118418	108391
1	1103	9465	9111
2	1103	9130	8847
3	1103	9351	9023
4	1103	12003	11444
5	1103	12706	12249
6	1103	8671	8361
7	1103	6350	6137
8	1103	8458	8191
9	1103	8824	8515
10	1103	10004	9663
11	1103	7711	7444
12	1103	8305	8050
13	1103	10925	10562
14	1103	8908	8561
15	1103	8600	8280
16	1103	11989	11504
17	1103	15416	14859
18	1103	8240	7980
19	1103	5789	5564
20	1103	8888	8551
21	1103	6413	6178
22	1103	5116	4952
23	1103	6862	6589
24	1103	11013	10525
25	1103	11315	10909
26	1103	8672	8366
27	1103	10097	9756
28	1103	10579	10158
29	1103	9354	9002
30	1103	11442	10936
31	1103	12855	12155
32	1103	15484	14625
0	1104	119264	107323
1	1104	9226	8884
2	1104	8903	8565
3	1104	9239	8870
4	1104	11829	11169
5	1104	12592	12066
6	1104	8417	8054
7	1104	6376	6133
8	1104	8473	8117
9	1104	8800	8429
10	1104	9629	9261
11	1104	7729	7423
12	1104	8416	8057
13	1104	10783	10338
14	1104	8937	8568
15	1104	8512	8176
16	1104	11926	11304
17	1104	15089	14452
18	1104	8115	7776
19	1104	5769	5475
20	1104	8725	8300
21	1104	6364	6107
22	1104	5092	4879
23	1104	6968	6632
24	1104	10862	10343
25	1104	11121	10638
26	1104	8690	8287
27	1104	10037	9598
28	1104	10584	10097
29	1104	9187	8757
30	1104	11424	10908
31	1104	12793	11957
32	1104	15249	14312
0	1105	120260	109316
1	1105	9280	8929
2	1105	8887	8603
3	1105	9465	9087
4	1105	11672	11153
5	1105	12726	12276
6	1105	8523	8224
7	1105	6396	6135
8	1105	8560	8254
9	1105	8880	8589
10	1105	9791	9402
11	1105	7756	7487
12	1105	8379	8039
13	1105	10757	10323
14	1105	8637	8332
15	1105	8533	8184
16	1105	11664	11203
17	1105	15144	14606
18	1105	8172	7901
19	1105	5568	5375
20	1105	8656	8319
21	1105	6200	5964
22	1105	5120	4943
23	1105	6754	6492
24	1105	10752	10276
25	1105	11263	10847
26	1105	8660	8295
27	1105	9988	9608
28	1105	10532	10070
29	1105	9247	8870
30	1105	11445	10960
31	1105	12659	11966
32	1105	15340	14516
0	1106	120711	109535
1	1106	9251	8921
2	1106	9071	8733
3	1106	9362	9000
4	1106	11616	11057
5	1106	12684	12178
6	1106	8654	8293
7	1106	6417	6163
8	1106	8422	8107
9	1106	8744	8424
10	1106	9922	9544
11	1106	7657	7347
12	1106	8306	7997
13	1106	10747	10313
14	1106	8789	8457
15	1106	8531	8234
16	1106	11810	11314
17	1106	15157	14615
18	1106	8164	7852
19	1106	5531	5281
20	1106	8614	8244
21	1106	6428	6172
22	1106	5127	4933
23	1106	6877	6584
24	1106	10818	10303
25	1106	11147	10720
26	1106	8761	8401
27	1106	10047	9587
28	1106	10675	10207
29	1106	9091	8726
30	1106	11294	10769
31	1106	12816	12035
32	1106	15212	14378
0	1107	121348	111381
1	1107	9069	8772
2	1107	9153	8912
3	1107	9368	9033
4	1107	11659	11157
5	1107	12823	12386
6	1107	8526	8242
7	1107	6331	6127
8	1107	8620	8347
9	1107	8718	8457
10	1107	9744	9465
11	1107	7589	7346
12	1107	8401	8138
13	1107	10882	10485
14	1107	8951	8673
15	1107	8784	8468
16	1107	12161	11694
17	1107	15252	14744
18	1107	8107	7845
19	1107	5658	5437
20	1107	8671	8327
21	1107	6345	6145
22	1107	5096	4935
23	1107	7059	6778
24	1107	10812	10337
25	1107	11303	10951
26	1107	8765	8482
27	1107	9972	9617
28	1107	10544	10151
29	1107	9175	8809
30	1107	11431	11014
31	1107	12796	12101
32	1107	15370	14620
0	1108	122786	111787
1	1108	9505	9217
2	1108	9155	8881
3	1108	9469	9113
4	1108	11792	11205
5	1108	13052	12571
6	1108	8569	8267
7	1108	6359	6134
8	1108	8744	8427
9	1108	8856	8556
10	1108	10065	9701
11	1108	7751	7448
12	1108	8278	7971
13	1108	11099	10653
14	1108	8852	8539
15	1108	8591	8292
16	1108	11917	11383
17	1108	15342	14816
18	1108	8387	8120
19	1108	5612	5416
20	1108	8609	8242
21	1108	6362	6145
22	1108	5034	4879
23	1108	6945	6693
24	1108	10833	10373
25	1108	11385	10966
26	1108	8887	8561
27	1108	10011	9671
28	1108	10654	10241
29	1108	9377	9000
30	1108	11479	10948
31	1108	12852	12069
32	1108	15657	14862
0	1109	122553	110027
1	1109	9479	9055
2	1109	9074	8695
3	1109	9330	8884
4	1109	11793	11067
5	1109	13092	12495
6	1109	8545	8136
7	1109	6450	6137
8	1109	8741	8343
9	1109	8765	8376
10	1109	9764	9366
11	1109	7726	7376
12	1109	8363	7950
13	1109	10887	10370
14	1109	8927	8514
15	1109	8555	8135
16	1109	12210	11534
17	1109	15421	14739
18	1109	8235	7892
19	1109	5741	5457
20	1109	8736	8263
21	1109	6393	6107
22	1109	5192	4968
23	1109	6763	6408
24	1109	10878	10296
25	1109	11181	10683
26	1109	8750	8335
27	1109	9989	9490
28	1109	10722	10191
29	1109	9091	8618
30	1109	11536	10914
31	1109	12757	11813
32	1109	15193	14219
0	1110	123598	111264
1	1110	9478	9084
2	1110	9364	8976
3	1110	9554	9143
4	1110	12062	11272
5	1110	13169	12597
6	1110	8602	8178
7	1110	6403	6095
8	1110	8686	8312
9	1110	9083	8681
10	1110	10074	9655
11	1110	7775	7417
12	1110	8593	8191
13	1110	11280	10730
14	1110	9004	8595
15	1110	8862	8459
16	1110	12207	11542
17	1110	15573	14910
18	1110	8297	7983
19	1110	5757	5502
20	1110	8786	8336
21	1110	6514	6263
22	1110	5254	5069
23	1110	7050	6677
24	1110	11011	10450
25	1110	11650	11142
26	1110	8774	8342
27	1110	10174	9673
28	1110	10693	10136
29	1110	9410	8922
30	1110	11701	11056
31	1110	12868	11882
32	1110	15585	14561
0	1111	122223	110082
1	1111	9584	9192
2	1111	9351	8984
3	1111	9596	9163
4	1111	11733	10960
5	1111	13162	12560
6	1111	8865	8444
7	1111	6598	6287
8	1111	8558	8147
9	1111	9101	8717
10	1111	10161	9687
11	1111	7906	7542
12	1111	8460	8045
13	1111	11063	10540
14	1111	9211	8803
15	1111	8770	8371
16	1111	12395	11735
17	1111	15516	14829
18	1111	8453	8121
19	1111	5893	5576
20	1111	8812	8333
21	1111	6525	6268
22	1111	5318	5099
23	1111	6934	6559
24	1111	11145	10552
25	1111	11723	11206
26	1111	8939	8521
27	1111	10510	10000
28	1111	11022	10465
29	1111	9347	8852
30	1111	11718	11115
31	1111	12769	11801
32	1111	15612	14601
0	1112	123534	111307
1	1112	9586	9198
2	1112	9341	9041
3	1112	9697	9322
4	1112	11720	11024
5	1112	13251	12740
6	1112	8720	8356
7	1112	6653	6412
8	1112	8726	8387
9	1112	9028	8702
10	1112	10092	9708
11	1112	7869	7536
12	1112	8495	8106
13	1112	11092	10581
14	1112	9104	8730
15	1112	8734	8363
16	1112	12379	11757
17	1112	15497	14882
18	1112	8352	8057
19	1112	5844	5585
20	1112	8715	8272
21	1112	6501	6219
22	1112	5476	5277
23	1112	7058	6713
24	1112	11141	10592
25	1112	11634	11151
26	1112	9028	8618
27	1112	10402	9981
28	1112	10805	10295
29	1112	9187	8739
30	1112	11731	11173
31	1112	12627	11733
32	1112	15633	14723
0	1113	123628	112529
1	1113	9640	9327
2	1113	9648	9309
3	1113	9935	9577
4	1113	11874	11265
5	1113	13500	13053
6	1113	8847	8552
7	1113	6646	6414
8	1113	8836	8517
9	1113	9294	8986
10	1113	10330	9961
11	1113	8019	7719
12	1113	8735	8378
13	1113	11076	10655
14	1113	9194	8888
15	1113	8871	8569
16	1113	12731	12192
17	1113	15630	15058
18	1113	8357	8097
19	1113	5821	5597
20	1113	8714	8315
21	1113	6666	6397
22	1113	5340	5151
23	1113	6970	6669
24	1113	11226	10762
25	1113	11662	11277
26	1113	9120	8770
27	1113	10486	10101
28	1113	11096	10627
29	1113	9404	8973
30	1113	11919	11414
31	1113	12275	11480
32	1113	15895	15069
0	1114	123135	111512
1	1114	9946	9530
2	1114	9513	9186
3	1114	9936	9507
4	1114	11701	10995
5	1114	13701	13149
6	1114	8806	8399
7	1114	6722	6463
8	1114	8987	8647
9	1114	9387	9045
10	1114	10524	10110
11	1114	8289	7968
12	1114	8716	8307
13	1114	11121	10647
14	1114	9361	8957
15	1114	9046	8672
16	1114	12541	11947
17	1114	16273	15643
18	1114	8736	8421
19	1114	6112	5850
20	1114	8726	8194
21	1114	6761	6489
22	1114	5440	5258
23	1114	6899	6577
24	1114	11402	10869
25	1114	11790	11302
26	1114	9140	8798
27	1114	10698	10249
28	1114	10992	10480
29	1114	9642	9204
30	1114	12153	11563
31	1114	12361	11462
32	1114	16077	15092
0	1115	123612	110617
1	1115	9945	9478
2	1115	9826	9402
3	1115	9903	9416
4	1115	11650	10751
5	1115	13519	12852
6	1115	8720	8254
7	1115	6979	6649
8	1115	9088	8662
9	1115	9266	8826
10	1115	10202	9732
11	1115	8123	7715
12	1115	8593	8131
13	1115	11316	10576
14	1115	9190	8717
15	1115	9057	8610
16	1115	12965	12193
17	1115	16127	15285
18	1115	8670	8303
19	1115	6070	5729
20	1115	8631	8015
21	1115	6692	6365
22	1115	5498	5240
23	1115	7082	6640
24	1115	11458	10771
25	1115	12085	11462
26	1115	9132	8653
27	1115	10870	10325
28	1115	11093	10500
29	1115	9464	8875
30	1115	12013	11347
31	1115	12135	11061
32	1115	15931	14783
0	1116	123241	110154
1	1116	10118	9663
2	1116	9721	9326
3	1116	10128	9645
4	1116	11860	10999
5	1116	13611	13009
6	1116	8870	8387
7	1116	6935	6611
8	1116	9302	8864
9	1116	9408	9028
10	1116	10360	9914
11	1116	8226	7817
12	1116	8677	8200
13	1116	10998	10344
14	1116	9471	9029
15	1116	9189	8719
16	1116	12867	12155
17	1116	16378	15556
18	1116	8593	8244
19	1116	6163	5839
20	1116	8478	7879
21	1116	6746	6392
22	1116	5511	5276
23	1116	7137	6726
24	1116	11518	10869
25	1116	11904	11354
26	1116	9281	8819
27	1116	10823	10335
28	1116	11065	10440
29	1116	9593	9042
30	1116	12186	11474
31	1116	11771	10685
32	1116	15908	14923
0	1117	123775	112588
1	1117	10031	9704
2	1117	10099	9791
3	1117	10342	9945
4	1117	11821	11108
5	1117	13800	13313
6	1117	9113	8676
7	1117	7062	6821
8	1117	9463	9123
9	1117	9537	9185
10	1117	10614	10250
11	1117	8213	7907
12	1117	8757	8358
13	1117	11043	10493
14	1117	9432	9044
15	1117	9287	8927
16	1117	13358	12830
17	1117	16336	15681
18	1117	8715	8428
19	1117	6244	5980
20	1117	8433	7968
21	1117	6783	6485
22	1117	5656	5492
23	1117	7203	6882
24	1117	11905	11412
25	1117	12067	11593
26	1117	9481	9103
27	1117	11176	10753
28	1117	11309	10827
29	1117	9575	9107
30	1117	12313	11767
31	1117	11594	10759
32	1117	16022	15134
0	1118	124982	112986
1	1118	10119	9801
2	1118	9949	9646
3	1118	10347	9949
4	1118	11769	11072
5	1118	14085	13576
6	1118	8946	8554
7	1118	6867	6643
8	1118	9425	9081
9	1118	9660	9327
10	1118	10531	10155
11	1118	8446	8105
12	1118	8578	8176
13	1118	11082	10510
14	1118	9584	9213
15	1118	9308	8943
16	1118	13363	12785
17	1118	16244	15617
18	1118	8772	8512
19	1118	6312	6019
20	1118	8153	7669
21	1118	6816	6475
22	1118	5682	5491
23	1118	7189	6881
24	1118	11919	11414
25	1118	12342	11858
26	1118	9320	8975
27	1118	10875	10446
28	1118	11250	10771
29	1118	9679	9211
30	1118	12240	11694
31	1118	11283	10443
32	1118	16227	15274
0	1119	125319	114271
1	1119	10438	10145
2	1119	10091	9763
3	1119	10318	9887
4	1119	11834	11085
5	1119	14191	13675
6	1119	8943	8555
7	1119	7172	6917
8	1119	9490	9159
9	1119	9673	9353
10	1119	10695	10340
11	1119	8370	8020
12	1119	8743	8302
13	1119	11038	10475
14	1119	9550	9145
15	1119	9233	8882
16	1119	13388	12839
17	1119	16476	15835
18	1119	8860	8595
19	1119	6497	6224
20	1119	8303	7795
21	1119	6864	6539
22	1119	5604	5436
23	1119	7106	6783
24	1119	12096	11590
25	1119	12252	11823
26	1119	9614	9220
27	1119	11236	10814
28	1119	11405	10943
29	1119	9582	9113
30	1119	12330	11751
31	1119	11183	10343
32	1119	15924	14995
0	2101	112932	103238
1	2101	9284	8940
2	2101	9252	8940
3	2101	9638	9294
4	2101	11758	11145
5	2101	12702	12238
6	2101	8404	8104
7	2101	6503	6272
8	2101	8650	8321
9	2101	8856	8542
10	2101	9823	9456
11	2101	7776	7502
12	2101	8326	8020
13	2101	11072	10591
14	2101	8971	8592
15	2101	8832	8523
16	2101	12296	11756
17	2101	15131	14539
18	2101	8296	8015
19	2101	5871	5632
20	2101	8799	8437
21	2101	6700	6454
22	2101	5202	5046
23	2101	6634	6328
24	2101	10984	10458
25	2101	11378	10929
26	2101	8891	8546
27	2101	10276	9857
28	2101	10472	9986
29	2101	9531	9129
30	2101	11357	10836
31	2101	12714	11958
32	2101	15035	14171
0	2102	114918	104717
1	2102	9127	8763
2	2102	9061	8731
3	2102	9458	9089
4	2102	11443	10816
5	2102	12860	12378
6	2102	8274	7951
7	2102	6400	6161
8	2102	8753	8437
9	2102	8816	8530
10	2102	9932	9568
11	2102	7887	7593
12	2102	8282	7941
13	2102	10680	10222
14	2102	8734	8409
15	2102	8731	8399
16	2102	11993	11424
17	2102	14973	14405
18	2102	8106	7831
19	2102	5774	5538
20	2102	8652	8287
21	2102	6408	6188
22	2102	5121	4960
23	2102	6739	6416
24	2102	10725	10213
25	2102	11222	10797
26	2102	8758	8392
27	2102	10000	9625
28	2102	10374	9910
29	2102	9183	8794
30	2102	11139	10583
31	2102	12502	11689
32	2102	14951	14095
0	2103	115270	105281
1	2103	9223	8895
2	2103	8920	8596
3	2103	9263	8892
4	2103	11373	10775
5	2103	12724	12258
6	2103	8378	8035
7	2103	6310	6083
8	2103	8375	8076
9	2103	8703	8412
10	2103	9838	9482
11	2103	7441	7141
12	2103	8215	7888
13	2103	10908	10458
14	2103	8706	8355
15	2103	8543	8201
16	2103	11728	11163
17	2103	14987	14399
18	2103	8076	7787
19	2103	5805	5596
20	2103	8738	8383
21	2103	6357	6120
22	2103	4974	4821
23	2103	6809	6515
24	2103	10522	10040
25	2103	11139	10706
26	2103	8793	8467
27	2103	9914	9531
28	2103	10362	9935
29	2103	9312	8913
30	2103	10942	10477
31	2103	12588	11797
32	2103	14697	13810
0	2104	118041	108057
1	2104	9041	8734
2	2104	9059	8781
3	2104	9376	9028
4	2104	11510	10897
5	2104	12491	12036
6	2104	8316	7992
7	2104	6293	6085
8	2104	8381	8102
9	2104	8776	8502
10	2104	9706	9356
11	2104	7446	7173
12	2104	8168	7856
13	2104	10803	10389
14	2104	8753	8417
15	2104	8379	8092
16	2104	11633	11162
17	2104	15096	14571
18	2104	8095	7815
19	2104	5473	5238
20	2104	8480	8188
21	2104	6119	5884
22	2104	5148	4983
23	2104	6712	6394
24	2104	10703	10233
25	2104	10946	10566
26	2104	8512	8204
27	2104	10026	9660
28	2104	10428	9995
29	2104	9215	8836
30	2104	10998	10525
31	2104	12438	11702
32	2104	14604	13837
0	2105	118138	108047
1	2105	9204	8896
2	2105	9014	8746
3	2105	9163	8787
4	2105	11374	10824
5	2105	12697	12251
6	2105	8328	8033
7	2105	6318	6115
8	2105	8619	8332
9	2105	8774	8500
10	2105	9702	9382
11	2105	7521	7265
12	2105	8199	7918
13	2105	10729	10351
14	2105	8716	8408
15	2105	8509	8202
16	2105	12064	11559
17	2105	14976	14413
18	2105	8370	8123
19	2105	5522	5314
20	2105	8547	8236
21	2105	6297	6067
22	2105	5032	4877
23	2105	6800	6524
24	2105	10642	10165
25	2105	11296	10904
26	2105	8782	8474
27	2105	10047	9648
28	2105	10259	9852
29	2105	9192	8844
30	2105	10841	10343
31	2105	12373	11634
32	2105	14851	14015
0	2106	118681	107478
1	2106	9170	8804
2	2106	8951	8617
3	2106	9136	8742
4	2106	11150	10510
5	2106	12246	11696
6	2106	8356	7994
7	2106	6332	6066
8	2106	8530	8170
9	2106	8778	8447
10	2106	9725	9337
11	2106	7590	7271
12	2106	8299	7955
13	2106	10705	10247
14	2106	8800	8434
15	2106	8519	8156
16	2106	12035	11459
17	2106	15061	14453
18	2106	8120	7832
19	2106	5551	5305
20	2106	8538	8157
21	2106	6475	6193
22	2106	4994	4822
23	2106	6777	6418
24	2106	10564	10059
25	2106	11254	10742
26	2106	8433	8057
27	2106	9851	9399
28	2106	10429	9921
29	2106	9162	8690
30	2106	10986	10447
31	2106	12492	11689
32	2106	14720	13772
0	2107	119126	109558
1	2107	9232	8899
2	2107	9001	8692
3	2107	9242	8898
4	2107	11447	10817
5	2107	12817	12377
6	2107	8530	8219
7	2107	6368	6151
8	2107	8598	8290
9	2107	8831	8557
10	2107	9692	9375
11	2107	7725	7446
12	2107	8348	8042
13	2107	10848	10447
14	2107	8661	8343
15	2107	8623	8320
16	2107	12153	11622
17	2107	15158	14620
18	2107	8141	7897
19	2107	5485	5261
20	2107	8662	8355
21	2107	6484	6232
22	2107	5109	4947
23	2107	6805	6522
24	2107	10494	10030
25	2107	11285	10904
26	2107	8820	8515
27	2107	10121	9732
28	2107	10267	9868
29	2107	9072	8726
30	2107	11233	10773
31	2107	12479	11718
32	2107	14621	13823
0	2108	119617	110563
1	2108	9211	8922
2	2108	9155	8887
3	2108	9286	8994
4	2108	11470	10890
5	2108	12805	12385
6	2108	8392	8098
7	2108	6483	6254
8	2108	8590	8311
9	2108	8907	8668
10	2108	9872	9593
11	2108	7622	7365
12	2108	8280	7989
13	2108	10912	10565
14	2108	8808	8479
15	2108	8617	8328
16	2108	12337	11851
17	2108	14921	14453
18	2108	8183	7956
19	2108	5654	5449
20	2108	8784	8466
21	2108	6447	6235
22	2108	5128	4970
23	2108	6848	6543
24	2108	10929	10490
25	2108	11330	10960
26	2108	8590	8290
27	2108	10106	9781
28	2108	10494	10132
29	2108	9297	8959
30	2108	11379	10951
31	2108	12543	11823
32	2108	14717	13937
0	2109	121414	111361
1	2109	9286	8955
2	2109	9210	8913
3	2109	9350	9017
4	2109	11519	10926
5	2109	12748	12330
6	2109	8583	8295
7	2109	6616	6395
8	2109	8620	8315
9	2109	8948	8692
10	2109	9859	9525
11	2109	7719	7459
12	2109	8180	7881
13	2109	10975	10555
14	2109	8778	8446
15	2109	8609	8271
16	2109	12164	11676
17	2109	15307	14814
18	2109	8262	8037
19	2109	5589	5400
20	2109	8756	8460
21	2109	6467	6247
22	2109	5180	5014
23	2109	6764	6464
24	2109	11073	10611
25	2109	11488	11076
26	2109	8771	8480
27	2109	10134	9785
28	2109	10723	10293
29	2109	9235	8914
30	2109	11158	10704
31	2109	12556	11829
32	2109	14636	13836
0	2110	120748	110601
1	2110	9447	9149
2	2110	9353	9049
3	2110	9599	9243
4	2110	11284	10703
5	2110	13270	12799
6	2110	8482	8173
7	2110	6541	6330
8	2110	8733	8422
9	2110	8798	8517
10	2110	9950	9631
11	2110	7842	7560
12	2110	8508	8206
13	2110	10821	10408
14	2110	8936	8621
15	2110	8474	8177
16	2110	12254	11747
17	2110	15441	14862
18	2110	8159	7916
19	2110	5812	5590
20	2110	8758	8411
21	2110	6521	6260
22	2110	5109	4959
23	2110	6848	6531
24	2110	10996	10491
25	2110	11452	11090
26	2110	8828	8502
27	2110	10290	9894
28	2110	10599	10163
29	2110	9355	8966
30	2110	11365	10865
31	2110	12427	11630
32	2110	14939	14056
0	2111	122380	111798
1	2111	9511	9159
2	2111	9149	8825
3	2111	9447	9103
4	2111	11452	10789
5	2111	13153	12679
6	2111	8678	8327
7	2111	6579	6347
8	2111	8784	8462
9	2111	8898	8583
10	2111	10197	9839
11	2111	7855	7547
12	2111	8548	8227
13	2111	10915	10426
14	2111	8922	8598
15	2111	8763	8432
16	2111	12380	11832
17	2111	15513	14948
18	2111	8280	7994
19	2111	5755	5548
20	2111	8901	8461
21	2111	6664	6430
22	2111	5221	5054
23	2111	6797	6477
24	2111	11091	10602
25	2111	11442	10992
26	2111	8878	8531
27	2111	10133	9744
28	2111	10867	10396
29	2111	9382	8960
30	2111	11366	10806
31	2111	12105	11383
32	2111	14731	13822
0	2112	119871	109703
1	2112	9384	9023
2	2112	9568	9244
3	2112	9749	9355
4	2112	11307	10607
5	2112	13524	13012
6	2112	8640	8271
7	2112	6620	6352
8	2112	8739	8367
9	2112	9059	8704
10	2112	10047	9670
11	2112	7904	7593
12	2112	8436	8065
13	2112	10883	10347
14	2112	8965	8570
15	2112	8700	8324
16	2112	12416	11785
17	2112	15538	14906
18	2112	8324	8044
19	2112	5714	5475
20	2112	8748	8273
21	2112	6554	6283
22	2112	5316	5109
23	2112	6733	6387
24	2112	11145	10634
25	2112	11373	10890
26	2112	8878	8480
27	2112	10454	10020
28	2112	10504	10030
29	2112	9347	8906
30	2112	11322	10770
31	2112	12377	11558
32	2112	14772	13818
0	2113	119444	109593
1	2113	9648	9317
2	2113	9222	8921
3	2113	9758	9399
4	2113	11176	10493
5	2113	13386	12877
6	2113	8503	8181
7	2113	6612	6370
8	2113	8816	8510
9	2113	9137	8810
10	2113	10108	9749
11	2113	7978	7696
12	2113	8380	8030
13	2113	11052	10538
14	2113	9025	8689
15	2113	8682	8360
16	2113	12429	11918
17	2113	15927	15322
18	2113	8331	8052
19	2113	5918	5697
20	2113	8569	8192
21	2113	6710	6471
22	2113	5373	5211
23	2113	6777	6432
24	2113	11328	10804
25	2113	11789	11329
26	2113	8908	8604
27	2113	10458	10030
28	2113	10814	10380
29	2113	9498	9086
30	2113	11471	10960
31	2113	12240	11459
32	2113	14881	14032
0	2114	120619	111239
1	2114	9928	9592
2	2114	9491	9174
3	2114	10024	9700
4	2114	11202	10557
5	2114	13307	12871
6	2114	8854	8524
7	2114	6786	6584
8	2114	8934	8663
9	2114	9391	9068
10	2114	10137	9800
11	2114	8076	7820
12	2114	8650	8355
13	2114	11163	10712
14	2114	9035	8698
15	2114	8874	8561
16	2114	12921	12371
17	2114	15941	15376
18	2114	8422	8191
19	2114	5945	5710
20	2114	8853	8433
21	2114	6789	6543
22	2114	5643	5467
23	2114	6857	6568
24	2114	11473	10969
25	2114	11698	11288
26	2114	9112	8745
27	2114	10583	10194
28	2114	11037	10595
29	2114	9458	9064
30	2114	11621	11128
31	2114	12259	11446
32	2114	14881	14027
0	2115	120818	111667
1	2115	10052	9757
2	2115	9632	9367
3	2115	10087	9742
4	2115	11459	10874
5	2115	13889	13483
6	2115	8902	8623
7	2115	6841	6628
8	2115	9138	8848
9	2115	9433	9125
10	2115	10262	9965
11	2115	8250	8009
12	2115	8721	8382
13	2115	11476	11012
14	2115	9179	8878
15	2115	9166	8871
16	2115	12978	12483
17	2115	16192	15667
18	2115	8642	8408
19	2115	6092	5874
20	2115	8793	8390
21	2115	6798	6568
22	2115	5506	5314
23	2115	6894	6591
24	2115	11537	11072
25	2115	11899	11483
26	2115	9187	8874
27	2115	10679	10324
28	2115	11270	10845
29	2115	9706	9337
30	2115	11874	11388
31	2115	12092	11333
32	2115	14828	13991
0	2116	122681	113119
1	2116	9944	9691
2	2116	9842	9571
3	2116	9992	9669
4	2116	11479	10864
5	2116	13631	13220
6	2116	9047	8757
7	2116	6926	6725
8	2116	9413	9124
9	2116	9433	9183
10	2116	10398	10123
11	2116	8438	8152
12	2116	8734	8407
13	2116	11251	10835
14	2116	9506	9202
15	2116	9083	8788
16	2116	13047	12581
17	2116	16084	15549
18	2116	8658	8446
19	2116	6263	6064
20	2116	8726	8306
21	2116	6787	6566
22	2116	5566	5422
23	2116	6962	6666
24	2116	11485	11016
25	2116	11706	11345
26	2116	9162	8873
27	2116	10855	10501
28	2116	10872	10465
29	2116	9648	9240
30	2116	11911	11447
31	2116	11921	11170
32	2116	14788	13972
0	2117	122615	112169
1	2117	10151	9811
2	2117	9736	9459
3	2117	10167	9781
4	2117	11318	10664
5	2117	13975	13492
6	2117	8990	8648
7	2117	7088	6857
8	2117	9344	9036
9	2117	9373	9069
10	2117	10502	10217
11	2117	8354	8038
12	2117	8725	8344
13	2117	11319	10769
14	2117	9389	8994
15	2117	9099	8759
16	2117	12957	12430
17	2117	16204	15550
18	2117	8718	8449
19	2117	6259	6001
20	2117	8678	8189
21	2117	6914	6595
22	2117	5563	5407
23	2117	7009	6701
24	2117	11650	11126
25	2117	12018	11598
26	2117	9330	8968
27	2117	10827	10387
28	2117	11103	10603
29	2117	9782	9313
30	2117	11937	11374
31	2117	11576	10706
32	2117	15050	14080
0	2118	123061	112789
1	2118	10178	9812
2	2118	10098	9772
3	2118	10230	9789
4	2118	11379	10540
5	2118	14422	13899
6	2118	8994	8589
7	2118	7126	6854
8	2118	9404	9081
9	2118	9648	9309
10	2118	10688	10316
11	2118	8619	8284
12	2118	8770	8351
13	2118	11254	10678
14	2118	9370	8976
15	2118	9424	9017
16	2118	13349	12764
17	2118	16663	15969
18	2118	8900	8603
19	2118	6462	6201
20	2118	8424	7891
21	2118	6891	6567
22	2118	5767	5590
23	2118	7106	6717
24	2118	11800	11239
25	2118	11930	11425
26	2118	9300	8915
27	2118	11219	10806
28	2118	11164	10674
29	2118	9581	9072
30	2118	11879	11205
31	2118	11469	10496
32	2118	14645	13612
0	2119	123266	113661
1	2119	10127	9788
2	2119	10212	9910
3	2119	10207	9800
4	2119	11295	10505
5	2119	14299	13790
6	2119	9010	8613
7	2119	6941	6683
8	2119	9442	9114
9	2119	9660	9313
10	2119	10625	10292
11	2119	8533	8191
12	2119	8839	8420
13	2119	11208	10580
14	2119	9326	8956
15	2119	9377	8960
16	2119	13323	12713
17	2119	16462	15843
18	2119	9021	8749
19	2119	6336	6086
20	2119	8608	8060
21	2119	6752	6479
22	2119	5754	5581
23	2119	6864	6519
24	2119	11697	11189
25	2119	12058	11584
26	2119	9344	8949
27	2119	11200	10791
28	2119	11310	10766
29	2119	9820	9331
30	2119	11830	11187
31	2119	10958	10054
32	2119	14354	13375
